mode |   affinity | dist from best mode
     | (kcal/mol) | rmsd l.b.| rmsd u.b.
-----+------------+----------+----------
   1       -8.976          0          0
   2       -8.918      15.52      17.03
   3       -8.785      15.71      17.37
   4        -8.65      14.99      16.37
   5       -7.899      3.357      5.287
   6       -7.723      17.02      18.35
   7       -7.502      5.084      7.231
   8       -7.499      15.72      16.81
   9       -7.498      3.807      5.753
  10       -7.313      16.63      17.83
